0.0
0.09473320754716982
0.1967535849056604
0.2939158490566038
0.39107811320754715
0.4930984905660377
0.5902607547169811
0.6922811320754717
0.7894433962264151
0.8866056603773584
0.988626037735849
1.0857883018867924
1.187808679245283
1.2849709433962266
1.3821332075471702
1.4841535849056608
1.5813158490566044
1.6784781132075477
1.7804984905660382
1.8776607547169815
1.9796811320754721
2.0768433962264155
2.1740056603773588
2.2760260377358494
2.3731883018867928
2.470350566037736
2.5723709433962263
2.6695332075471696
2.7715535849056603
2.8687158490566036
2.965878113207547
3.0678984905660376
3.165060754716981
3.267081132075471
3.3642433962264144
3.4614056603773578
3.563426037735848
3.6605883018867917
3.757750566037735
3.8597709433962257
3.9569332075471686
4.05895358490566
4.1561158490566035
4.253278113207547
4.355298490566038
4.452460754716982
4.549623018867925
4.651643396226416
4.74880566037736
4.8508260377358505
4.947988301886794
5.045150566037738
5.147170943396229
5.2443332075471725
5.341495471698116
5.443515849056607
5.540678113207551
5.642698490566041
5.739860754716985
5.837023018867929
5.9390433962264195
6.036205660377363
