0.0
0.0041196800000000006
0.008239360000000001
0.01235904
0.016478720000000002
0.0205984
0.02471808
0.02883776
0.032957440000000005
0.037077120000000005
0.0411968
0.045316480000000006
0.04943616
0.05355584000000001
0.05767552
0.06179520000000001
0.06591488000000001
0.07003456
0.07415424000000001
0.07827392
0.0823936
0.08651328
0.09063296000000001
0.09475264000000001
0.09887232
0.102992
0.10711168000000001
0.11123136
0.11535104
0.11947072
0.12359040000000002
0.12771008
0.13182976000000002
0.13594944
0.14006912
0.1441888
0.14830848000000002
0.15242816
0.15654784
0.16066752
0.1647872
0.16890688
0.17302656
0.17714624
0.18126592000000002
0.1853856
0.18950528000000003
0.19362495999999998
0.19774464
0.20186432
0.205984
0.21010368000000001
0.21422336000000003
0.21834304000000002
0.22246272
0.2265824
0.23070208
0.23482176000000002
0.23894144
0.24306112000000002
0.24718080000000003
0.25130048
0.25542016
0.25953984
0.26365952000000004
0.2677792
0.27189888
0.27601856
0.28013824
0.28425792
0.2883776
0.29249728
